    1             500               0               0
    2             500            12.5               0
    3           487.5               0               0
    4             500              25               0
    5             475               0               0
    6           462.5               0               0
    7             500            37.5               0
    8             450               0               0
    9             500              50               0
   10           437.5               0               0
   11             500            62.5               0
   12             500              75               0
   13             425               0               0
   14             500            87.5               0
   15           412.5               0               0
   16           437.5            62.5               0
   17             500             100               0
   18             400               0               0
   19           437.5      85.3769531               0
   20      414.623047            62.5               0
   21             500           112.5               0
   22           387.5               0               0
   23           437.5        107.9375               0
   24        392.0625            62.5               0
   25             375               0               0
   26             500             125               0
   27             500           137.5               0
   28           362.5               0               0
   29           437.5      130.216797               0
   30      369.783203            62.5               0
   31             350               0               0
   32             500             150               0
   33             500           162.5               0
   34           337.5               0               0
   35           437.5          152.25               0
   36          347.75            62.5               0
   37             325               0               0
   38             500             175               0
   39             375             125               0
   40             375         134.375               0
   41         365.625             125               0
   42           437.5      174.072266               0
   43      325.927734            62.5               0
   44           312.5               0               0
   45             500           187.5               0
   46          356.25             125               0
   47             375          143.75               0
   48             375         153.125               0
   49         346.875             125               0
   50             300               0               0
   51             500             200               0
   52           337.5             125               0
   53             375           162.5               0
   54           437.5       195.71875               0
   55       304.28125            62.5               0
   56           287.5               0               0
   57             500           212.5               0
   58             375         171.875               0
   59         328.125             125               0
   60             375          181.25               0
   61          318.75             125               0
   62             275               0               0
   63             500             225               0
   64           437.5      217.224609               0
   65      282.775391            62.5               0
   66         309.375             125               0
   67             375         190.625               0
   68             375             200               0
   69             300             125               0
   70             500           237.5               0
   71           262.5               0               0
   72         290.625             125               0
   73             375         209.375               0
   74         261.375            62.5               0
   75           437.5         238.625               0
   76             250               0               0
   77             500             250               0
   78          281.25             125               0
   79             375          218.75               0
   80             375         228.125               0
   81         271.875             125               0
   82             500           262.5               0
   83           237.5               0               0
   84           312.5           187.5               0
   85           437.5      259.955078               0
   86      240.044922            62.5               0
   87           262.5             125               0
   88             375           237.5               0
   89             500             275               0
   90             225               0               0
   91           312.5      202.123047               0
   92      297.876953           187.5               0
   93         253.125             125               0
   94             375         246.875               0
   95          243.75             125               0
   96             375          256.25               0
   97           312.5        217.0625               0
   98        282.9375           187.5               0
   99           212.5               0               0
  100             500           287.5               0
  101           437.5          281.25               0
  102          218.75            62.5               0
  103         234.375             125               0
  104             375         265.625               0
  105           312.5      232.283203               0
  106      267.716797           187.5               0
  107             200               0               0
  108             500             300               0
  109             375             275               0
  110             225             125               0
  111           437.5      302.544922               0
  112      197.455078            62.5               0
  113             375         284.375               0
  114         215.625             125               0
  115           312.5          247.75               0
  116          252.25           187.5               0
  117           187.5               0               0
  118             500           312.5               0
  119          206.25             125               0
  120             375          293.75               0
  121           312.5      263.427734               0
  122      236.572266           187.5               0
  123             500             325               0
  124             175               0               0
  125             375         303.125               0
  126         196.875             125               0
  127         176.125            62.5               0
  128           437.5         323.875               0
  129       220.71875           187.5               0
  130           312.5       279.28125               0
  131             375           312.5               0
  132           187.5             125               0
  133           162.5               0               0
  134             500           337.5               0
  135         178.125             125               0
  136             375         321.875               0
  137      204.724609           187.5               0
  138           312.5      295.275391               0
  139             500             350               0
  140             150               0               0
  141           437.5      345.275391               0
  142      154.724609            62.5               0
  143             250             250               0
  144          168.75             125               0
  145             375          331.25               0
  146          243.75             250               0
  147             250          256.25               0
  148             250           262.5               0
  149           237.5             250               0
  150             500           362.5               0
  151           137.5               0               0
  152         159.375             125               0
  153             375         340.625               0
  154         188.625           187.5               0
  155           312.5         311.375               0
  156          231.25             250               0
  157             250          268.75               0
  158             375             350               0
  159             225             250               0
  160             250             275               0
  161             150             125               0
  162       133.21875            62.5               0
  163           437.5       366.78125               0
  164             125               0               0
  165             500             375               0
  166          218.75             250               0
  167             250          281.25               0
  168           312.5      327.544922               0
  169      172.455078           187.5               0
  170         140.625             125               0
  171             375         359.375               0
  172             250           287.5               0
  173           212.5             250               0
  174          206.25             250               0
  175             250          293.75               0
  176             500           387.5               0
  177           112.5               0               0
  178             375          368.75               0
  179          131.25             125               0
  180             200             250               0
  181             250             300               0
  182           312.5          343.75               0
  183          156.25           187.5               0
  184      111.572266            62.5               0
  185           437.5      388.427734               0
  186             250          306.25               0
  187          193.75             250               0
  188             375         378.125               0
  189         121.875             125               0
  190             100               0               0
  191             500             400               0
  192             250           312.5               0
  193           187.5             250               0
  194          181.25             250               0
  195             250          318.75               0
  196      140.044922           187.5               0
  197           312.5      359.955078               0
  198           112.5             125               0
  199             375           387.5               0
  200             175             250               0
  201             250             325               0
  202            87.5               0               0
  203             500           412.5               0
  204           437.5          410.25               0
  205           89.75            62.5               0
  206          168.75             250               0
  207             250          331.25               0
  208         103.125             125               0
  209             375         396.875               0
  210           162.5             250               0
  211             250           337.5               0
  212           312.5         376.125               0
  213         123.875           187.5               0
  214             200             300               0
  215             500             425               0
  216              75               0               0
  217           93.75             125               0
  218             375          406.25               0
  219          156.25             250               0
  220             250          343.75               0
  221             150             250               0
  222             250             350               0
  223             200             310               0
  224             190             300               0
  225             375         415.625               0
  226          84.375             125               0
  227           312.5      392.224609               0
  228      107.775391           187.5               0
  229          143.75             250               0
  230             250          356.25               0
  231           437.5      432.283203               0
  232      67.7167969            62.5               0
  233             500           437.5               0
  234            62.5               0               0
  235             180             300               0
  236             200             320               0
  237           137.5             250               0
  238             250           362.5               0
  239             375             425               0
  240              75             125               0
  241             250          368.75               0
  242          131.25             250               0
  243             200             330               0
  244             170             300               0
  245           312.5       408.21875               0
  246        91.78125           187.5               0
  247              50               0               0
  248             500             450               0
  249             125             250               0
  250             250             375               0
  251          65.625             125               0
  252             375         434.375               0
  253             160             300               0
  254             200             340               0
  255             250          381.25               0
  256          118.75             250               0
  257           437.5        454.5625               0
  258         45.4375            62.5               0
  259             200             350               0
  260             150             300               0
  261           56.25             125               0
  262             375          443.75               0
  263           112.5             250               0
  264             250           387.5               0
  265            37.5               0               0
  266             500           462.5               0
  267           312.5      424.072266               0
  268      75.9277344           187.5               0
  269             250          393.75               0
  270          106.25             250               0
  271             200             360               0
  272             140             300               0
  273          46.875             125               0
  274             375         453.125               0
  275             100             250               0
  276             250             400               0
  277              25               0               0
  278             500             475               0
  279             200             370               0
  280             130             300               0
  281           93.75             250               0
  282             250          406.25               0
  283           312.5          439.75               0
  284           60.25           187.5               0
  285             375           462.5               0
  286            37.5             125               0
  287           437.5      477.123047               0
  288      22.8769531            62.5               0
  289             250           412.5               0
  290            87.5             250               0
  291             120             300               0
  292             200             380               0
  293             500           487.5               0
  294            12.5               0               0
  295             250          418.75               0
  296           81.25             250               0
  297             375         471.875               0
  298          28.125             125               0
  299             200             390               0
  300             110             300               0
  301           312.5      455.216797               0
  302      44.7832031           187.5               0
  303              75             250               0
  304             250             425               0
  305             150             350               0
  306           18.75             125               0
  307             375          481.25               0
  308          146.25             350               0
  309             150          353.75               0
  310             250          431.25               0
  311           68.75             250               0
  312             200             400               0
  313             500             500               0
  314               0               0               0
  315             100             300               0
  316           142.5             350               0
  317             150           357.5               0
  318             150          361.25               0
  319          138.75             350               0
  320           437.5             500               0
  321            62.5             250               0
  322               0            62.5               0
  323             250           437.5               0
  324             135             350               0
  325             150             365               0
  326           9.375             125               0
  327             375         490.625               0
  328         29.5625           187.5               0
  329           312.5        470.4375               0
  330             200             410               0
  331              90             300               0
  332             150          368.75               0
  333          131.25             350               0
  334           56.25             250               0
  335             250          443.75               0
  336           127.5             350               0
  337             150           372.5               0
  338          123.75             350               0
  339             150          376.25               0
  340             250             450               0
  341              50             250               0
  342             375             500               0
  343               0             125               0
  344             200             420               0
  345              80             300               0
  346             150             380               0
  347             120             350               0
  348          116.25             350               0
  349             150          383.75               0
  350             250          456.25               0
  351           43.75             250               0
  352           312.5      485.376953               0
  353      14.6230469           187.5               0
  354             150           387.5               0
  355           112.5             350               0
  356              70             300               0
  357             200             430               0
  358          108.75             350               0
  359             150          391.25               0
  360             250           462.5               0
  361            37.5             250               0
  362             150             395               0
  363             105             350               0
  364             125             375               0
  365          101.25             350               0
  366             150          398.75               0
  367             250          468.75               0
  368           31.25             250               0
  369             200             440               0
  370              60             300               0
  371            97.5             350               0
  372             150           402.5               0
  373               0           187.5               0
  374           312.5             500               0
  375             125          381.25               0
  376          118.75             375               0
  377             150          406.25               0
  378           93.75             350               0
  379              25             250               0
  380             250             475               0
  381             150             410               0
  382              90             350               0
  383           112.5             375               0
  384             125           387.5               0
  385             200             450               0
  386              50             300               0
  387           86.25             350               0
  388             150          413.75               0
  389             250          481.25               0
  390           18.75             250               0
  391          106.25             375               0
  392             125          393.75               0
  393             150           417.5               0
  394            82.5             350               0
  395             150          421.25               0
  396           78.75             350               0
  397            12.5             250               0
  398             250           487.5               0
  399             100             375               0
  400             125             400               0
  401             200             460               0
  402              40             300               0
  403              75             350               0
  404             150             425               0
  405           93.75             375               0
  406             125          406.25               0
  407            6.25             250               0
  408             250          493.75               0
  409           71.25             350               0
  410             150          428.75               0
  411             150           432.5               0
  412            67.5             350               0
  413             125           412.5               0
  414            87.5             375               0
  415             200             470               0
  416              30             300               0
  417               0             250               0
  418             250             500               0
  419             150          436.25               0
  420           63.75             350               0
  421           81.25             375               0
  422             125          418.75               0
  423             150             440               0
  424              60             350               0
  425             150          443.75               0
  426           56.25             350               0
  427             100             400               0
  428             200             480               0
  429              20             300               0
  430             125             425               0
  431              75             375               0
  432            97.5             400               0
  433             100           402.5               0
  434            52.5             350               0
  435             150           447.5               0
  436             100             405               0
  437              95             400               0
  438              95           402.5               0
  439            97.5             405               0
  440             100           407.5               0
  441            92.5             400               0
  442             150          451.25               0
  443           48.75             350               0
  444           68.75             375               0
  445             125          431.25               0
  446              95             405               0
  447              90             400               0
  448             100             410               0
  449              45             350               0
  450             150             455               0
  451              95           407.5               0
  452            92.5             405               0
  453              10             300               0
  454             200             490               0
  455              90           402.5               0
  456            97.5             410               0
  457             100           412.5               0
  458            87.5             400               0
  459             125           437.5               0
  460            62.5             375               0
  461              90             405               0
  462              95             410               0
  463             100             415               0
  464              85             400               0
  465           41.25             350               0
  466             150          458.75               0
  467            92.5             410               0
  468              90           407.5               0
  469              95           412.5               0
  470            87.5             405               0
  471              85           402.5               0
  472            97.5             415               0
  473             100           417.5               0
  474            82.5             400               0
  475              90             410               0
  476              95             415               0
  477              85             405               0
  478              80             400               0
  479             100             420               0
  480             150           462.5               0
  481            37.5             350               0
  482           56.25             375               0
  483             125          443.75               0
  484              90           412.5               0
  485            87.5             410               0
  486            92.5             415               0
  487              85           407.5               0
  488              95           417.5               0
  489            82.5             405               0
  490              80           402.5               0
  491            97.5             420               0
  492             100           422.5               0
  493            77.5             400               0
  494           33.75             350               0
  495             150          466.25               0
  496               0             300               0
  497             200             500               0
  498              90             415               0
  499              85             410               0
  500              95             420               0
  501              80             405               0
  502              75             400               0
  503             100             425               0
  504            87.5             415               0
  505              85           412.5               0
  506              90           417.5               0
  507            82.5             410               0
  508            92.5             420               0
  509              80           407.5               0
  510            77.5             405               0
  511              95           422.5               0
  512              75           402.5               0
  513            97.5             425               0
  514             100           427.5               0
  515            72.5             400               0
  516             125             450               0
  517              50             375               0
  518              30             350               0
  519             150             470               0
  520              85             415               0
  521              80             410               0
  522              90             420               0
  523              95             425               0
  524              75             405               0
  525              70             400               0
  526             100             430               0
  527              85           417.5               0
  528            82.5             415               0
  529              80           412.5               0
  530            87.5             420               0
  531              90           422.5               0
  532            77.5             410               0
  533            92.5             425               0
  534              75           407.5               0
  535              95           427.5               0
  536            72.5             405               0
  537              70           402.5               0
  538            97.5             430               0
  539           26.25             350               0
  540             150          473.75               0
  541            67.5             400               0
  542             100           432.5               0
  543              80             415               0
  544              85             420               0
  545              75             410               0
  546              90             425               0
  547             125          456.25               0
  548           43.75             375               0
  549              95             430               0
  550              70             405               0
  551              65             400               0
  552             100             435               0
  553            22.5             350               0
  554             150           477.5               0
  555              80           417.5               0
  556            82.5             420               0
  557            77.5             415               0
  558              85           422.5               0
  559              75           412.5               0
  560            87.5             425               0
  561              90           427.5               0
  562            72.5             410               0
  563              70           407.5               0
  564            92.5             430               0
  565              95           432.5               0
  566            67.5             405               0
  567            97.5             435               0
  568              65           402.5               0
  569             100           437.5               0
  570            62.5             400               0
  571              80             420               0
  572              75             415               0
  573              85             425               0
  574              90             430               0
  575              70             410               0
  576              95             435               0
  577              65             405               0
  578              60             400               0
  579             100             440               0
  580           18.75             350               0
  581             150          481.25               0
  582             125           462.5               0
  583            37.5             375               0
  584            77.5             420               0
  585              80           422.5               0
  586            82.5             425               0
  587              75           417.5               0
  588              85           427.5               0
  589            72.5             415               0
  590            87.5             430               0
  591              70           412.5               0
  592              90           432.5               0
  593            67.5             410               0
  594              65           407.5               0
  595            92.5             435               0
  596              95           437.5               0
  597            62.5             405               0
  598              60           402.5               0
  599            97.5             440               0
  600             100           442.5               0
  601            57.5             400               0
  602              80             425               0
  603              75             420               0
  604              85             430               0
  605              70             415               0
  606              90             435               0
  607              65             410               0
  608              95             440               0
  609              60             405               0
  610             150             485               0
  611              15             350               0
  612             100             445               0
  613              55             400               0
  614            77.5             425               0
  615              75           422.5               0
  616              80           427.5               0
  617            72.5             420               0
  618              70           417.5               0
  619            82.5             430               0
  620              85           432.5               0
  621            67.5             415               0
  622              65           412.5               0
  623            87.5             435               0
  624            62.5             410               0
  625              90           437.5               0
  626              60           407.5               0
  627            92.5             440               0
  628            57.5             405               0
  629              95           442.5               0
  630              55           402.5               0
  631            97.5             445               0
  632             100           447.5               0
  633            52.5             400               0
  634             125          468.75               0
  635           31.25             375               0
  636              75             425               0
  637              80             430               0
  638              70             420               0
  639             150          488.75               0
  640           11.25             350               0
  641              65             415               0
  642              85             435               0
  643              90             440               0
  644              60             410               0
  645              55             405               0
  646              95             445               0
  647             100             450               0
  648              50             400               0
  649              75           427.5               0
  650            72.5             425               0
  651            77.5             430               0
  652              70           422.5               0
  653            67.5             420               0
  654              80           432.5               0
  655              65           417.5               0
  656            82.5             435               0
  657            62.5             415               0
  658              85           437.5               0
  659            87.5             440               0
  660              60           412.5               0
  661            57.5             410               0
  662              90           442.5               0
  663              55           407.5               0
  664            92.5             445               0
  665            52.5             405               0
  666              95           447.5               0
  667              50           402.5               0
  668            97.5             450               0
  669            47.5             400               0
  670             100           452.5               0
  671             150           492.5               0
  672             7.5             350               0
  673              75             430               0
  674              70             425               0
  675              65             420               0
  676              80             435               0
  677              60             415               0
  678              85             440               0
  679              55             410               0
  680              90             445               0
  681              25             375               0
  682             125             475               0
  683              50             405               0
  684              95             450               0
  685              45             400               0
  686             100             455               0
  687              70           427.5               0
  688            72.5             430               0
  689            67.5             425               0
  690              75           432.5               0
  691              65           422.5               0
  692            77.5             435               0
  693              80           437.5               0
  694            62.5             420               0
  695              60           417.5               0
  696            82.5             440               0
  697            57.5             415               0
  698              85           442.5               0
  699              55           412.5               0
  700            87.5             445               0
  701            52.5             410               0
  702              90           447.5               0
  703              50           407.5               0
  704            92.5             450               0
  705            3.75             350               0
  706             150          496.25               0
  707            47.5             405               0
  708              95           452.5               0
  709              45           402.5               0
  710            97.5             455               0
  711             100           457.5               0
  712            42.5             400               0
  713              70             430               0
  714              65             425               0
  715              75             435               0
  716              60             420               0
  717              80             440               0
  718              55             415               0
  719              85             445               0
  720              90             450               0
  721              50             410               0
  722              95             455               0
  723              45             405               0
  724             100             460               0
  725              40             400               0
  726            67.5             430               0
  727              70           432.5               0
  728            72.5             435               0
  729              65           427.5               0
  730            62.5             425               0
  731              75           437.5               0
  732            77.5             440               0
  733              60           422.5               0
  734            57.5             420               0
  735              80           442.5               0
  736           18.75             375               0
  737             125          481.25               0
  738              55           417.5               0
  739            82.5             445               0
  740            52.5             415               0
  741              85           447.5               0
  742             150             500               0
  743               0             350               0
  744            87.5             450               0
  745              50           412.5               0
  746              90           452.5               0
  747            47.5             410               0
  748            92.5             455               0
  749              45           407.5               0
  750            42.5             405               0
  751              95           457.5               0
  752            97.5             460               0
  753              40           402.5               0
  754            37.5             400               0
  755             100           462.5               0
  756              65             430               0
  757              70             435               0
  758              60             425               0
  759              75             440               0
  760              55             420               0
  761              80             445               0
  762              85             450               0
  763              50             415               0
  764              45             410               0
  765              90             455               0
  766              40             405               0
  767              95             460               0
  768              35             400               0
  769             100             465               0
  770            67.5             435               0
  771              65           432.5               0
  772            62.5             430               0
  773              70           437.5               0
  774              60           427.5               0
  775            72.5             440               0
  776            57.5             425               0
  777              75           442.5               0
  778              55           422.5               0
  779            77.5             445               0
  780            52.5             420               0
  781              80           447.5               0
  782            82.5             450               0
  783              50           417.5               0
  784            47.5             415               0
  785              85           452.5               0
  786              45           412.5               0
  787            87.5             455               0
  788              90           457.5               0
  789            42.5             410               0
  790            92.5             460               0
  791              40           407.5               0
  792              95           462.5               0
  793            37.5             405               0
  794              35           402.5               0
  795            97.5             465               0
  796            12.5             375               0
  797             125           487.5               0
  798              65             435               0
  799              60             430               0
  800              70             440               0
  801            32.5             400               0
  802             100           467.5               0
  803              55             425               0
  804              75             445               0
  805              50             420               0
  806              80             450               0
  807              45             415               0
  808              85             455               0
  809              40             410               0
  810              90             460               0
  811              95             465               0
  812              35             405               0
  813            62.5             435               0
  814              65           437.5               0
  815            67.5             440               0
  816              60           432.5               0
  817              70           442.5               0
  818            57.5             430               0
  819              55           427.5               0
  820            72.5             445               0
  821            52.5             425               0
  822              75           447.5               0
  823              30             400               0
  824             100             470               0
  825            77.5             450               0
  826              50           422.5               0
  827            47.5             420               0
  828              80           452.5               0
  829            82.5             455               0
  830              45           417.5               0
  831              85           457.5               0
  832            42.5             415               0
  833            87.5             460               0
  834              40           412.5               0
  835            37.5             410               0
  836              90           462.5               0
  837            92.5             465               0
  838              35           407.5               0
  839            32.5             405               0
  840              95           467.5               0
  841              60             435               0
  842              65             440               0
  843            97.5             470               0
  844              30           402.5               0
  845              70             445               0
  846              55             430               0
  847              75             450               0
  848              50             425               0
  849            27.5             400               0
  850             100           472.5               0
  851              45             420               0
  852              80             455               0
  853              85             460               0
  854              40             415               0
  855              35             410               0
  856              90             465               0
  857            6.25             375               0
  858             125          493.75               0
  859              30             405               0
  860              95             470               0
  861            62.5             440               0
  862              60           437.5               0
  863              65           442.5               0
  864            57.5             435               0
  865              55           432.5               0
  866            67.5             445               0
  867            52.5             430               0
  868              70           447.5               0
  869            72.5             450               0
  870              50           427.5               0
  871            47.5             425               0
  872              75           452.5               0
  873            77.5             455               0
  874              45           422.5               0
  875             100             475               0
  876              25             400               0
  877            42.5             420               0
  878              80           457.5               0
  879            82.5             460               0
  880              40           417.5               0
  881            37.5             415               0
  882              85           462.5               0
  883            87.5             465               0
  884              35           412.5               0
  885              90           467.5               0
  886            32.5             410               0
  887            92.5             470               0
  888              30           407.5               0
  889              60             440               0
  890              65             445               0
  891              55             435               0
  892            27.5             405               0
  893              95           472.5               0
  894              70             450               0
  895              50             430               0
  896              25           402.5               0
  897            97.5             475               0
  898              45             425               0
  899              75             455               0
  900              40             420               0
  901              80             460               0
  902             100           477.5               0
  903            22.5             400               0
  904              85             465               0
  905              35             415               0
  906              90             470               0
  907              30             410               0
  908            57.5             440               0
  909              60           442.5               0
  910              55           437.5               0
  911            62.5             445               0
  912            52.5             435               0
  913              65           447.5               0
  914            67.5             450               0
  915              50           432.5               0
  916              25             405               0
  917              95             475               0
  918            47.5             430               0
  919              70           452.5               0
  920            72.5             455               0
  921              45           427.5               0
  922            42.5             425               0
  923              75           457.5               0
  924            77.5             460               0
  925              40           422.5               0
  926            37.5             420               0
  927              80           462.5               0
  928              20             400               0
  929             100             480               0
  930              35           417.5               0
  931            82.5             465               0
  932               0             375               0
  933             125             500               0
  934              85           467.5               0
  935            32.5             415               0
  936            87.5             470               0
  937              30           412.5               0
  938              90           472.5               0
  939            27.5             410               0
  940              55             440               0
  941              60             445               0
  942            92.5             475               0
  943              25           407.5               0
  944              65             450               0
  945              50             435               0
  946              45             430               0
  947              70             455               0
  948            22.5             405               0
  949              95           477.5               0
  950              40             425               0
  951              75             460               0
  952              20           402.5               0
  953            97.5             480               0
  954              35             420               0
  955              80             465               0
  956             100           482.5               0
  957            17.5             400               0
  958              85             470               0
  959              30             415               0
  960              90             475               0
  961              25             410               0
  962              55           442.5               0
  963            57.5             445               0
  964            52.5             440               0
  965              60           447.5               0
  966            62.5             450               0
  967              50           437.5               0
  968              65           452.5               0
  969            47.5             435               0
  970              45           432.5               0
  971            67.5             455               0
  972            42.5             430               0
  973              70           457.5               0
  974              40           427.5               0
  975            72.5             460               0
  976              20             405               0
  977              95             480               0
  978              75           462.5               0
  979            37.5             425               0
  980              35           422.5               0
  981            77.5             465               0
  982            32.5             420               0
  983              80           467.5               0
  984            82.5             470               0
  985              30           417.5               0
  986              15             400               0
  987             100             485               0
  988              85           472.5               0
  989            27.5             415               0
  990              25           412.5               0
  991            87.5             475               0
  992              55             445               0
  993              60             450               0
  994              50             440               0
  995            22.5             410               0
  996              90           477.5               0
  997              65             455               0
  998              45             435               0
  999            92.5             480               0
 1000              20           407.5               0
 1001              70             460               0
 1002              40             430               0
 1003            17.5             405               0
 1004              95           482.5               0
 1005              35             425               0
 1006              75             465               0
 1007            97.5             485               0
 1008              15           402.5               0
 1009              30             420               0
 1010              80             470               0
 1011            12.5             400               0
 1012             100           487.5               0
 1013              85             475               0
 1014              25             415               0
 1015            52.5             445               0
 1016              55           447.5               0
 1017            57.5             450               0
 1018              50           442.5               0
 1019            47.5             440               0
 1020              60           452.5               0
 1021              45           437.5               0
 1022            62.5             455               0
 1023              20             410               0
 1024              90             480               0
 1025            42.5             435               0
 1026              65           457.5               0
 1027            67.5             460               0
 1028              40           432.5               0
 1029            37.5             430               0
 1030              70           462.5               0
 1031            72.5             465               0
 1032              35           427.5               0
 1033            32.5             425               0
 1034              75           467.5               0
 1035              15             405               0
 1036              95             485               0
 1037            77.5             470               0
 1038              30           422.5               0
 1039            27.5             420               0
 1040              80           472.5               0
 1041            82.5             475               0
 1042              25           417.5               0
 1043             100             490               0
 1044              10             400               0
 1045              85           477.5               0
 1046            22.5             415               0
 1047              55             450               0
 1048              50             445               0
 1049              20           412.5               0
 1050            87.5             480               0
 1051              45             440               0
 1052              60             455               0
 1053              65             460               0
 1054              40             435               0
 1055              90           482.5               0
 1056            17.5             410               0
 1057              35             430               0
 1058              70             465               0
 1059            92.5             485               0
 1060              15           407.5               0
 1061              75             470               0
 1062              30             425               0
 1063              95           487.5               0
 1064            12.5             405               0
 1065              25             420               0
 1066              80             475               0
 1067            97.5             490               0
 1068              10           402.5               0
 1069             7.5             400               0
 1070             100           492.5               0
 1071              20             415               0
 1072              85             480               0
 1073            52.5             450               0
 1074              50           447.5               0
 1075            47.5             445               0
 1076              55           452.5               0
 1077              45           442.5               0
 1078            57.5             455               0
 1079              60           457.5               0
 1080            42.5             440               0
 1081            62.5             460               0
 1082              40           437.5               0
 1083              65           462.5               0
 1084            37.5             435               0
 1085            67.5             465               0
 1086              35           432.5               0
 1087              90             485               0
 1088              15             410               0
 1089            32.5             430               0
 1090              70           467.5               0
 1091              30           427.5               0
 1092            72.5             470               0
 1093            27.5             425               0
 1094              75           472.5               0
 1095              95             490               0
 1096              10             405               0
 1097            77.5             475               0
 1098              25           422.5               0
 1099            22.5             420               0
 1100              80           477.5               0
 1101              20           417.5               0
 1102            82.5             480               0
 1103              50             450               0
 1104             100             495               0
 1105               5             400               0
 1106              85           482.5               0
 1107            17.5             415               0
 1108              45             445               0
 1109              55             455               0
 1110              40             440               0
 1111              60             460               0
 1112              15           412.5               0
 1113            87.5             485               0
 1114              65             465               0
 1115              35             435               0
 1116              90           487.5               0
 1117            12.5             410               0
 1118              30             430               0
 1119              70             470               0
 1120              10           407.5               0
 1121            92.5             490               0
 1122              25             425               0
 1123              75             475               0
 1124             7.5             405               0
 1125              95           492.5               0
 1126              20             420               0
 1127              80             480               0
 1128            97.5             495               0
 1129               5           402.5               0
 1130            47.5             450               0
 1131              50           452.5               0
 1132            52.5             455               0
 1133              45           447.5               0
 1134            42.5             445               0
 1135              55           457.5               0
 1136            57.5             460               0
 1137              40           442.5               0
 1138              15             415               0
 1139              85             485               0
 1140              60           462.5               0
 1141            37.5             440               0
 1142             100           497.5               0
 1143             2.5             400               0
 1144            62.5             465               0
 1145              35           437.5               0
 1146              65           467.5               0
 1147            32.5             435               0
 1148            67.5             470               0
 1149              30           432.5               0
 1150              70           472.5               0
 1151            27.5             430               0
 1152              10             410               0
 1153              90             490               0
 1154            72.5             475               0
 1155              25           427.5               0
 1156            22.5             425               0
 1157              75           477.5               0
 1158              20           422.5               0
 1159            77.5             480               0
 1160               5             405               0
 1161              95             495               0
 1162            17.5             420               0
 1163              80           482.5               0
 1164              45             450               0
 1165              50             455               0
 1166            82.5             485               0
 1167              15           417.5               0
 1168              40             445               0
 1169              55             460               0
 1170              60             465               0
 1171              35             440               0
 1172              85           487.5               0
 1173            12.5             415               0
 1174             100             500               0
 1175               0             400               0
 1176              65             470               0
 1177              30             435               0
 1178              10           412.5               0
 1179            87.5             490               0
 1180              70             475               0
 1181              25             430               0
 1182              90           492.5               0
 1183             7.5             410               0
 1184              75             480               0
 1185              20             425               0
 1186            92.5             495               0
 1187               5           407.5               0
 1188              95           497.5               0
 1189             2.5             405               0
 1190              15             420               0
 1191              80             485               0
 1192              45           452.5               0
 1193            47.5             455               0
 1194              50           457.5               0
 1195            42.5             450               0
 1196              40           447.5               0
 1197            52.5             460               0
 1198            37.5             445               0
 1199              55           462.5               0
 1200            97.5             500               0
 1201               0           402.5               0
 1202              35           442.5               0
 1203            57.5             465               0
 1204            32.5             440               0
 1205              60           467.5               0
 1206            62.5             470               0
 1207              30           437.5               0
 1208              85             490               0
 1209              10             415               0
 1210            27.5             435               0
 1211              65           472.5               0
 1212            67.5             475               0
 1213              25           432.5               0
 1214            22.5             430               0
 1215              70           477.5               0
 1216              90             495               0
 1217               5             410               0
 1218            72.5             480               0
 1219              20           427.5               0
 1220            17.5             425               0
 1221              75           482.5               0
 1222            77.5             485               0
 1223              15           422.5               0
 1224               0             405               0
 1225              95             500               0
 1226              45             455               0
 1227            12.5             420               0
 1228              80           487.5               0
 1229              40             450               0
 1230              50             460               0
 1231              55             465               0
 1232              35             445               0
 1233            82.5             490               0
 1234              10           417.5               0
 1235              60             470               0
 1236              30             440               0
 1237              85           492.5               0
 1238             7.5             415               0
 1239              25             435               0
 1240              65             475               0
 1241            87.5             495               0
 1242               5           412.5               0
 1243              20             430               0
 1244              70             480               0
 1245              90           497.5               0
 1246             2.5             410               0
 1247              15             425               0
 1248              75             485               0
 1249               0           407.5               0
 1250            92.5             500               0
 1251              45           457.5               0
 1252            42.5             455               0
 1253            47.5             460               0
 1254              40           452.5               0
 1255              50           462.5               0
 1256            37.5             450               0
 1257            52.5             465               0
 1258              35           447.5               0
 1259              10             420               0
 1260              80             490               0
 1261            32.5             445               0
 1262              55           467.5               0
 1263              30           442.5               0
 1264            57.5             470               0
 1265            27.5             440               0
 1266              60           472.5               0
 1267            62.5             475               0
 1268              25           437.5               0
 1269              65           477.5               0
 1270            22.5             435               0
 1271              85             495               0
 1272               5             415               0
 1273            67.5             480               0
 1274              20           432.5               0
 1275            17.5             430               0
 1276              70           482.5               0
 1277            72.5             485               0
 1278              15           427.5               0
 1279               0             410               0
 1280              90             500               0
 1281            12.5             425               0
 1282              75           487.5               0
 1283            77.5             490               0
 1284              10           422.5               0
 1285              45             460               0
 1286              40             455               0
 1287              35             450               0
 1288              50             465               0
 1289              30             445               0
 1290              55             470               0
 1291             7.5             420               0
 1292              80           492.5               0
 1293              25             440               0
 1294              60             475               0
 1295            82.5             495               0
 1296               5           417.5               0
 1297              65             480               0
 1298              20             435               0
 1299              85           497.5               0
 1300             2.5             415               0
 1301              15             430               0
 1302              70             485               0
 1303               0           412.5               0
 1304            87.5             500               0
 1305              75             490               0
 1306              10             425               0
 1307              40           457.5               0
 1308            42.5             460               0
 1309              45           462.5               0
 1310            37.5             455               0
 1311            47.5             465               0
 1312              35           452.5               0
 1313            32.5             450               0
 1314              50           467.5               0
 1315            52.5             470               0
 1316              30           447.5               0
 1317              55           472.5               0
 1318            27.5             445               0
 1319               5             420               0
 1320              80             495               0
 1321            57.5             475               0
 1322              25           442.5               0
 1323            22.5             440               0
 1324              60           477.5               0
 1325            62.5             480               0
 1326              20           437.5               0
 1327            17.5             435               0
 1328              65           482.5               0
 1329              85             500               0
 1330               0             415               0
 1331            67.5             485               0
 1332              15           432.5               0
 1333            12.5             430               0
 1334              70           487.5               0
 1335            72.5             490               0
 1336              10           427.5               0
 1337             7.5             425               0
 1338              75           492.5               0
 1339              40             460               0
 1340              45             465               0
 1341              35             455               0
 1342              30             450               0
 1343              50             470               0
 1344            77.5             495               0
 1345               5           422.5               0
 1346              55             475               0
 1347              25             445               0
 1348             2.5             420               0
 1349              80           497.5               0
 1350              20             440               0
 1351              60             480               0
 1352            82.5             500               0
 1353               0           417.5               0
 1354              15             435               0
 1355              65             485               0
 1356              10             430               0
 1357              70             490               0
 1358              40           462.5               0
 1359            37.5             460               0
 1360              35           457.5               0
 1361            42.5             465               0
 1362              45           467.5               0
 1363            32.5             455               0
 1364              75             495               0
 1365               5             425               0
 1366            47.5             470               0
 1367              30           452.5               0
 1368            27.5             450               0
 1369              50           472.5               0
 1370              25           447.5               0
 1371            52.5             475               0
 1372              55           477.5               0
 1373            22.5             445               0
 1374            57.5             480               0
 1375              20           442.5               0
 1376               0             420               0
 1377              80             500               0
 1378            17.5             440               0
 1379              60           482.5               0
 1380            62.5             485               0
 1381              15           437.5               0
 1382            12.5             435               0
 1383              65           487.5               0
 1384            67.5             490               0
 1385              10           432.5               0
 1386             7.5             430               0
 1387              70           492.5               0
 1388            72.5             495               0
 1389               5           427.5               0
 1390              40             465               0
 1391              35             460               0
 1392              45             470               0
 1393              30             455               0
 1394              25             450               0
 1395              50             475               0
 1396             2.5             425               0
 1397              75           497.5               0
 1398              20             445               0
 1399              55             480               0
 1400            77.5             500               0
 1401               0           422.5               0
 1402              15             440               0
 1403              60             485               0
 1404              65             490               0
 1405              10             435               0
 1406               5             430               0
 1407              70             495               0
 1408            37.5             465               0
 1409              35           462.5               0
 1410            32.5             460               0
 1411              40           467.5               0
 1412            42.5             470               0
 1413              30           457.5               0
 1414              45           472.5               0
 1415            27.5             455               0
 1416            47.5             475               0
 1417              25           452.5               0
 1418            22.5             450               0
 1419              50           477.5               0
 1420              75             500               0
 1421               0             425               0
 1422            52.5             480               0
 1423              20           447.5               0
 1424            17.5             445               0
 1425              55           482.5               0
 1426              15           442.5               0
 1427            57.5             485               0
 1428              60           487.5               0
 1429            12.5             440               0
 1430            62.5             490               0
 1431              10           437.5               0
 1432             7.5             435               0
 1433              65           492.5               0
 1434            67.5             495               0
 1435               5           432.5               0
 1436             2.5             430               0
 1437              70           497.5               0
 1438              35             465               0
 1439              40             470               0
 1440              30             460               0
 1441              45             475               0
 1442              25             455               0
 1443               0           427.5               0
 1444            72.5             500               0
 1445              20             450               0
 1446              50             480               0
 1447              15             445               0
 1448              55             485               0
 1449              10             440               0
 1450              60             490               0
 1451              65             495               0
 1452               5             435               0
 1453            32.5             465               0
 1454              35           467.5               0
 1455              30           462.5               0
 1456            37.5             470               0
 1457              40           472.5               0
 1458            27.5             460               0
 1459              70             500               0
 1460               0             430               0
 1461              25           457.5               0
 1462            42.5             475               0
 1463              45           477.5               0
 1464            22.5             455               0
 1465            47.5             480               0
 1466              20           452.5               0
 1467            17.5             450               0
 1468              50           482.5               0
 1469              15           447.5               0
 1470            52.5             485               0
 1471              55           487.5               0
 1472            12.5             445               0
 1473              10           442.5               0
 1474            57.5             490               0
 1475              60           492.5               0
 1476             7.5             440               0
 1477            62.5             495               0
 1478               5           437.5               0
 1479              65           497.5               0
 1480             2.5             435               0
 1481            67.5             500               0
 1482               0           432.5               0
 1483              30             465               0
 1484              35             470               0
 1485              40             475               0
 1486              25             460               0
 1487              45             480               0
 1488              20             455               0
 1489              15             450               0
 1490              50             485               0
 1491              55             490               0
 1492              10             445               0
 1493               5             440               0
 1494              60             495               0
 1495              65             500               0
 1496               0             435               0
 1497            32.5             470               0
 1498              30           467.5               0
 1499            27.5             465               0
 1500              35           472.5               0
 1501              25           462.5               0
 1502            37.5             475               0
 1503            22.5             460               0
 1504              40           477.5               0
 1505            42.5             480               0
 1506              20           457.5               0
 1507              45           482.5               0
 1508            17.5             455               0
 1509            47.5             485               0
 1510              15           452.5               0
 1511              50           487.5               0
 1512            12.5             450               0
 1513              10           447.5               0
 1514            52.5             490               0
 1515              55           492.5               0
 1516             7.5             445               0
 1517               5           442.5               0
 1518            57.5             495               0
 1519              60           497.5               0
 1520             2.5             440               0
 1521            62.5             500               0
 1522               0           437.5               0
 1523              30             470               0
 1524              35             475               0
 1525              25             465               0
 1526              40             480               0
 1527              20             460               0
 1528              45             485               0
 1529              15             455               0
 1530              10             450               0
 1531              50             490               0
 1532               5             445               0
 1533              55             495               0
 1534               0             440               0
 1535              60             500               0
 1536            27.5             470               0
 1537              30           472.5               0
 1538              25           467.5               0
 1539            32.5             475               0
 1540            22.5             465               0
 1541              35           477.5               0
 1542              20           462.5               0
 1543            37.5             480               0
 1544              40           482.5               0
 1545            17.5             460               0
 1546              15           457.5               0
 1547            42.5             485               0
 1548              45           487.5               0
 1549            12.5             455               0
 1550            47.5             490               0
 1551              10           452.5               0
 1552             7.5             450               0
 1553              50           492.5               0
 1554               5           447.5               0
 1555            52.5             495               0
 1556             2.5             445               0
 1557              55           497.5               0
 1558            57.5             500               0
 1559               0           442.5               0
 1560              25             470               0
 1561              30             475               0
 1562              35             480               0
 1563              20             465               0
 1564              15             460               0
 1565              40             485               0
 1566              45             490               0
 1567              10             455               0
 1568               5             450               0
 1569              50             495               0
 1570              55             500               0
 1571               0             445               0
 1572            27.5             475               0
 1573              25           472.5               0
 1574              30           477.5               0
 1575            22.5             470               0
 1576            32.5             480               0
 1577              20           467.5               0
 1578              35           482.5               0
 1579            17.5             465               0
 1580              15           462.5               0
 1581            37.5             485               0
 1582              40           487.5               0
 1583            12.5             460               0
 1584            42.5             490               0
 1585              10           457.5               0
 1586              45           492.5               0
 1587             7.5             455               0
 1588            47.5             495               0
 1589               5           452.5               0
 1590             2.5             450               0
 1591              50           497.5               0
 1592            52.5             500               0
 1593               0           447.5               0
 1594              25             475               0
 1595              20             470               0
 1596              30             480               0
 1597              15             465               0
 1598              35             485               0
 1599              40             490               0
 1600              10             460               0
 1601              45             495               0
 1602               5             455               0
 1603              50             500               0
 1604               0             450               0
 1605            22.5             475               0
 1606              25           477.5               0
 1607            27.5             480               0
 1608              20           472.5               0
 1609              30           482.5               0
 1610            17.5             470               0
 1611              15           467.5               0
 1612            32.5             485               0
 1613              35           487.5               0
 1614            12.5             465               0
 1615            37.5             490               0
 1616              10           462.5               0
 1617              40           492.5               0
 1618             7.5             460               0
 1619               5           457.5               0
 1620            42.5             495               0
 1621              45           497.5               0
 1622             2.5             455               0
 1623            47.5             500               0
 1624               0           452.5               0
 1625              25             480               0
 1626              20             475               0
 1627              15             470               0
 1628              30             485               0
 1629              10             465               0
 1630              35             490               0
 1631               5             460               0
 1632              40             495               0
 1633              45             500               0
 1634               0             455               0
 1635              20           477.5               0
 1636            22.5             480               0
 1637              25           482.5               0
 1638            17.5             475               0
 1639              15           472.5               0
 1640            27.5             485               0
 1641              30           487.5               0
 1642            12.5             470               0
 1643              10           467.5               0
 1644            32.5             490               0
 1645              35           492.5               0
 1646             7.5             465               0
 1647               5           462.5               0
 1648            37.5             495               0
 1649             2.5             460               0
 1650              40           497.5               0
 1651            42.5             500               0
 1652               0           457.5               0
 1653              20             480               0
 1654              15             475               0
 1655              25             485               0
 1656              10             470               0
 1657              30             490               0
 1658              35             495               0
 1659               5             465               0
 1660               0             460               0
 1661              40             500               0
 1662            17.5             480               0
 1663              20           482.5               0
 1664              15           477.5               0
 1665            22.5             485               0
 1666            12.5             475               0
 1667              25           487.5               0
 1668              10           472.5               0
 1669            27.5             490               0
 1670             7.5             470               0
 1671              30           492.5               0
 1672               5           467.5               0
 1673            32.5             495               0
 1674             2.5             465               0
 1675              35           497.5               0
 1676            37.5             500               0
 1677               0           462.5               0
 1678              15             480               0
 1679              20             485               0
 1680              10             475               0
 1681              25             490               0
 1682               5             470               0
 1683              30             495               0
 1684              35             500               0
 1685               0             465               0
 1686              15           482.5               0
 1687            17.5             485               0
 1688              20           487.5               0
 1689            12.5             480               0
 1690            22.5             490               0
 1691              10           477.5               0
 1692              25           492.5               0
 1693             7.5             475               0
 1694               5           472.5               0
 1695            27.5             495               0
 1696             2.5             470               0
 1697              30           497.5               0
 1698            32.5             500               0
 1699               0           467.5               0
 1700              15             485               0
 1701              10             480               0
 1702              20             490               0
 1703               5             475               0
 1704              25             495               0
 1705               0             470               0
 1706              30             500               0
 1707              15           487.5               0
 1708            12.5             485               0
 1709              10           482.5               0
 1710            17.5             490               0
 1711             7.5             480               0
 1712              20           492.5               0
 1713               5           477.5               0
 1714            22.5             495               0
 1715              25           497.5               0
 1716             2.5             475               0
 1717            27.5             500               0
 1718               0           472.5               0
 1719              15             490               0
 1720              10             485               0
 1721               5             480               0
 1722              20             495               0
 1723              25             500               0
 1724               0             475               0
 1725              10           487.5               0
 1726            12.5             490               0
 1727              15           492.5               0
 1728             7.5             485               0
 1729               5           482.5               0
 1730            17.5             495               0
 1731             2.5             480               0
 1732              20           497.5               0
 1733            22.5             500               0
 1734               0           477.5               0
 1735              10             490               0
 1736              15             495               0
 1737               5             485               0
 1738               0             480               0
 1739              20             500               0
 1740              10           492.5               0
 1741             7.5             490               0
 1742               5           487.5               0
 1743            12.5             495               0
 1744              15           497.5               0
 1745             2.5             485               0
 1746            17.5             500               0
 1747               0           482.5               0
 1748               5             490               0
 1749              10             495               0
 1750              15             500               0
 1751               0             485               0
 1752               5           492.5               0
 1753             7.5             495               0
 1754              10           497.5               0
 1755             2.5             490               0
 1756               0           487.5               0
 1757            12.5             500               0
 1758               5             495               0
 1759              10             500               0
 1760               0             490               0
 1761               5           497.5               0
 1762             2.5             495               0
 1763             7.5             500               0
 1764               0           492.5               0
 1765               0             495               0
 1766               5             500               0
 1767               0           497.5               0
 1768             2.5             500               0
 1769               0             500               0