    1             500               0               0
    2             500              25               0
    3             475               0               0
    4             450               0               0
    5             500              50               0
    6             425               0               0
    7             500              75               0
    8             400               0               0
    9             500             100               0
   10             375               0               0
   11             500             125               0
   12             500             150               0
   13             350               0               0
   14             325               0               0
   15             500             175               0
   16             375             125               0
   17             375          143.75               0
   18          356.25             125               0
   19             500             200               0
   20             300               0               0
   21           337.5             125               0
   22             375           162.5               0
   23             375          181.25               0
   24          318.75             125               0
   25             500             225               0
   26             275               0               0
   27             375             200               0
   28             300             125               0
   29             250               0               0
   30             500             250               0
   31             375          218.75               0
   32          281.25             125               0
   33           262.5             125               0
   34             375           237.5               0
   35             225               0               0
   36             500             275               0
   37          243.75             125               0
   38             375          256.25               0
   39             200               0               0
   40             500             300               0
   41             375             275               0
   42             225             125               0
   43             375          293.75               0
   44          206.25             125               0
   45             500             325               0
   46             175               0               0
   47             375           312.5               0
   48           187.5             125               0
   49             500             350               0
   50             150               0               0
   51             250             250               0
   52             375          331.25               0
   53          168.75             125               0
   54           237.5             250               0
   55             250           262.5               0
   56             225             250               0
   57             250             275               0
   58             150             125               0
   59             375             350               0
   60             500             375               0
   61             125               0               0
   62           212.5             250               0
   63             250           287.5               0
   64             375          368.75               0
   65          131.25             125               0
   66             250             300               0
   67             200             250               0
   68             500             400               0
   69             100               0               0
   70           187.5             250               0
   71             250           312.5               0
   72           112.5             125               0
   73             375           387.5               0
   74             175             250               0
   75             250             325               0
   76           162.5             250               0
   77             250           337.5               0
   78             500             425               0
   79              75               0               0
   80             375          406.25               0
   81           93.75             125               0
   82             150             250               0
   83             250             350               0
   84           137.5             250               0
   85             250           362.5               0
   86             375             425               0
   87              75             125               0
   88             500             450               0
   89              50               0               0
   90             250             375               0
   91             125             250               0
   92           56.25             125               0
   93             375          443.75               0
   94             250           387.5               0
   95           112.5             250               0
   96             100             250               0
   97             250             400               0
   98              25               0               0
   99             500             475               0
  100             375           462.5               0
  101            37.5             125               0
  102            87.5             250               0
  103             250           412.5               0
  104             250             425               0
  105              75             250               0
  106             150             350               0
  107             375          481.25               0
  108           18.75             125               0
  109             500             500               0
  110               0               0               0
  111             150           357.5               0
  112           142.5             350               0
  113             250           437.5               0
  114            62.5             250               0
  115             135             350               0
  116             150             365               0
  117           127.5             350               0
  118             150           372.5               0
  119              50             250               0
  120             250             450               0
  121             375             500               0
  122               0             125               0
  123             150             380               0
  124             120             350               0
  125           112.5             350               0
  126             150           387.5               0
  127            37.5             250               0
  128             250           462.5               0
  129             105             350               0
  130             150             395               0
  131             150           402.5               0
  132            97.5             350               0
  133             250             475               0
  134              25             250               0
  135              90             350               0
  136             150             410               0
  137            82.5             350               0
  138             150           417.5               0
  139            12.5             250               0
  140             250           487.5               0
  141             150             425               0
  142              75             350               0
  143            67.5             350               0
  144             150           432.5               0
  145             250             500               0
  146               0             250               0
  147              60             350               0
  148             150             440               0
  149             100             400               0
  150             150           447.5               0
  151            52.5             350               0
  152             100             405               0
  153              95             400               0
  154              95             405               0
  155              90             400               0
  156             100             410               0
  157             150             455               0
  158              45             350               0
  159              90             405               0
  160              95             410               0
  161             100             415               0
  162              85             400               0
  163              90             410               0
  164              95             415               0
  165              85             405               0
  166              80             400               0
  167             100             420               0
  168             150           462.5               0
  169            37.5             350               0
  170              90             415               0
  171              85             410               0
  172              95             420               0
  173              80             405               0
  174             100             425               0
  175              75             400               0
  176              30             350               0
  177             150             470               0
  178              85             415               0
  179              90             420               0
  180              80             410               0
  181              95             425               0
  182              75             405               0
  183              70             400               0
  184             100             430               0
  185              85             420               0
  186              80             415               0
  187              90             425               0
  188              75             410               0
  189              95             430               0
  190              70             405               0
  191             100             435               0
  192              65             400               0
  193            22.5             350               0
  194             150           477.5               0
  195              80             420               0
  196              85             425               0
  197              75             415               0
  198              90             430               0
  199              70             410               0
  200              95             435               0
  201              65             405               0
  202              60             400               0
  203             100             440               0
  204              80             425               0
  205              75             420               0
  206              70             415               0
  207              85             430               0
  208              65             410               0
  209              90             435               0
  210              60             405               0
  211              95             440               0
  212             150             485               0
  213              15             350               0
  214             100             445               0
  215              55             400               0
  216              75             425               0
  217              70             420               0
  218              80             430               0
  219              65             415               0
  220              85             435               0
  221              60             410               0
  222              90             440               0
  223              55             405               0
  224              95             445               0
  225              50             400               0
  226             100             450               0
  227             7.5             350               0
  228             150           492.5               0
  229              70             425               0
  230              75             430               0
  231              65             420               0
  232              80             435               0
  233              60             415               0
  234              85             440               0
  235              55             410               0
  236              90             445               0
  237              95             450               0
  238              50             405               0
  239              45             400               0
  240             100             455               0
  241              70             430               0
  242              65             425               0
  243              75             435               0
  244              60             420               0
  245              80             440               0
  246              55             415               0
  247              85             445               0
  248              90             450               0
  249              50             410               0
  250              95             455               0
  251              45             405               0
  252             100             460               0
  253              40             400               0
  254               0             350               0
  255             150             500               0
  256              65             430               0
  257              70             435               0
  258              60             425               0
  259              75             440               0
  260              55             420               0
  261              80             445               0
  262              85             450               0
  263              50             415               0
  264              90             455               0
  265              45             410               0
  266              40             405               0
  267              95             460               0
  268             100             465               0
  269              35             400               0
  270              65             435               0
  271              60             430               0
  272              70             440               0
  273              55             425               0
  274              75             445               0
  275              80             450               0
  276              50             420               0
  277              85             455               0
  278              45             415               0
  279              90             460               0
  280              40             410               0
  281              35             405               0
  282              95             465               0
  283              30             400               0
  284             100             470               0
  285              60             435               0
  286              65             440               0
  287              55             430               0
  288              70             445               0
  289              75             450               0
  290              50             425               0
  291              80             455               0
  292              45             420               0
  293              85             460               0
  294              40             415               0
  295              90             465               0
  296              35             410               0
  297              95             470               0
  298              30             405               0
  299             100             475               0
  300              25             400               0
  301              60             440               0
  302              65             445               0
  303              55             435               0
  304              70             450               0
  305              50             430               0
  306              75             455               0
  307              45             425               0
  308              80             460               0
  309              40             420               0
  310              85             465               0
  311              35             415               0
  312              90             470               0
  313              30             410               0
  314              95             475               0
  315              25             405               0
  316              20             400               0
  317             100             480               0
  318              55             440               0
  319              60             445               0
  320              65             450               0
  321              50             435               0
  322              70             455               0
  323              45             430               0
  324              75             460               0
  325              40             425               0
  326              80             465               0
  327              35             420               0
  328              85             470               0
  329              30             415               0
  330              90             475               0
  331              25             410               0
  332              95             480               0
  333              20             405               0
  334              15             400               0
  335             100             485               0
  336              55             445               0
  337              60             450               0
  338              50             440               0
  339              65             455               0
  340              45             435               0
  341              70             460               0
  342              40             430               0
  343              75             465               0
  344              35             425               0
  345              80             470               0
  346              30             420               0
  347              85             475               0
  348              25             415               0
  349              90             480               0
  350              20             410               0
  351              15             405               0
  352              95             485               0
  353              10             400               0
  354             100             490               0
  355              55             450               0
  356              50             445               0
  357              60             455               0
  358              45             440               0
  359              65             460               0
  360              40             435               0
  361              70             465               0
  362              35             430               0
  363              75             470               0
  364              30             425               0
  365              80             475               0
  366              25             420               0
  367              85             480               0
  368              20             415               0
  369              90             485               0
  370              15             410               0
  371              95             490               0
  372              10             405               0
  373              50             450               0
  374             100             495               0
  375               5             400               0
  376              55             455               0
  377              45             445               0
  378              60             460               0
  379              40             440               0
  380              65             465               0
  381              35             435               0
  382              70             470               0
  383              30             430               0
  384              25             425               0
  385              75             475               0
  386              80             480               0
  387              20             420               0
  388              85             485               0
  389              15             415               0
  390              90             490               0
  391              10             410               0
  392               5             405               0
  393              95             495               0
  394              45             450               0
  395              50             455               0
  396              55             460               0
  397              40             445               0
  398              60             465               0
  399              35             440               0
  400             100             500               0
  401               0             400               0
  402              65             470               0
  403              30             435               0
  404              70             475               0
  405              25             430               0
  406              75             480               0
  407              20             425               0
  408              80             485               0
  409              15             420               0
  410              85             490               0
  411              10             415               0
  412              90             495               0
  413               5             410               0
  414               0             405               0
  415              95             500               0
  416              45             455               0
  417              40             450               0
  418              50             460               0
  419              55             465               0
  420              35             445               0
  421              60             470               0
  422              30             440               0
  423              65             475               0
  424              25             435               0
  425              70             480               0
  426              20             430               0
  427              75             485               0
  428              15             425               0
  429              80             490               0
  430              10             420               0
  431              85             495               0
  432               5             415               0
  433              90             500               0
  434               0             410               0
  435              45             460               0
  436              40             455               0
  437              35             450               0
  438              50             465               0
  439              55             470               0
  440              30             445               0
  441              25             440               0
  442              60             475               0
  443              65             480               0
  444              20             435               0
  445              70             485               0
  446              15             430               0
  447              75             490               0
  448              10             425               0
  449              80             495               0
  450               5             420               0
  451              85             500               0
  452               0             415               0
  453              40             460               0
  454              45             465               0
  455              35             455               0
  456              50             470               0
  457              30             450               0
  458              55             475               0
  459              25             445               0
  460              60             480               0
  461              20             440               0
  462              65             485               0
  463              15             435               0
  464              70             490               0
  465              10             430               0
  466              75             495               0
  467               5             425               0
  468               0             420               0
  469              80             500               0
  470              35             460               0
  471              40             465               0
  472              45             470               0
  473              30             455               0
  474              25             450               0
  475              50             475               0
  476              55             480               0
  477              20             445               0
  478              60             485               0
  479              15             440               0
  480              65             490               0
  481              10             435               0
  482              70             495               0
  483               5             430               0
  484               0             425               0
  485              75             500               0
  486              35             465               0
  487              40             470               0
  488              30             460               0
  489              45             475               0
  490              25             455               0
  491              20             450               0
  492              50             480               0
  493              55             485               0
  494              15             445               0
  495              60             490               0
  496              10             440               0
  497              65             495               0
  498               5             435               0
  499              70             500               0
  500               0             430               0
  501              30             465               0
  502              35             470               0
  503              40             475               0
  504              25             460               0
  505              45             480               0
  506              20             455               0
  507              15             450               0
  508              50             485               0
  509              55             490               0
  510              10             445               0
  511              60             495               0
  512               5             440               0
  513              65             500               0
  514               0             435               0
  515              30             470               0
  516              35             475               0
  517              25             465               0
  518              20             460               0
  519              40             480               0
  520              45             485               0
  521              15             455               0
  522              50             490               0
  523              10             450               0
  524              55             495               0
  525               5             445               0
  526              60             500               0
  527               0             440               0
  528              25             470               0
  529              30             475               0
  530              35             480               0
  531              20             465               0
  532              15             460               0
  533              40             485               0
  534              45             490               0
  535              10             455               0
  536               5             450               0
  537              50             495               0
  538              55             500               0
  539               0             445               0
  540              25             475               0
  541              20             470               0
  542              30             480               0
  543              15             465               0
  544              35             485               0
  545              40             490               0
  546              10             460               0
  547              45             495               0
  548               5             455               0
  549               0             450               0
  550              50             500               0
  551              25             480               0
  552              20             475               0
  553              15             470               0
  554              30             485               0
  555              35             490               0
  556              10             465               0
  557               5             460               0
  558              40             495               0
  559              45             500               0
  560               0             455               0
  561              20             480               0
  562              15             475               0
  563              25             485               0
  564              10             470               0
  565              30             490               0
  566               5             465               0
  567              35             495               0
  568              40             500               0
  569               0             460               0
  570              15             480               0
  571              20             485               0
  572              25             490               0
  573              10             475               0
  574               5             470               0
  575              30             495               0
  576               0             465               0
  577              35             500               0
  578              15             485               0
  579              20             490               0
  580              10             480               0
  581               5             475               0
  582              25             495               0
  583              30             500               0
  584               0             470               0
  585              15             490               0
  586              10             485               0
  587               5             480               0
  588              20             495               0
  589              25             500               0
  590               0             475               0
  591              10             490               0
  592               5             485               0
  593              15             495               0
  594               0             480               0
  595              20             500               0
  596               5             490               0
  597              10             495               0
  598               0             485               0
  599              15             500               0
  600               5             495               0
  601              10             500               0
  602               0             490               0
  603               0             495               0
  604               5             500               0
  605               0             500               0