1 106 112 54 51
2 112 115 56 54
3 115 117 62 56
4 117 124 67 62
5 124 125 70 67
6 125 129 74 70
7 129 132 76 74
8 132 135 82 76
9 135 137 84 82
10 137 142 91 84
11 142 143 95 91
12 143 147 96 95
13 147 151 102 96
14 151 158 105 102
15 158 169 114 105
16 169 176 119 114
17 176 193 127 119
18 193 213 134 127
19 213 227 139 134
20 227 254 146 139
21 55 111 106 51
22 57 116 111 55
23 63 118 116 57
24 66 123 118 63
25 71 126 123 66
26 75 130 126 71
27 77 131 130 75
28 83 136 131 77
29 85 138 136 83
30 90 141 138 85
31 94 144 141 90
32 97 148 144 94
33 103 150 148 97
34 104 157 150 103
35 113 168 157 104
36 120 177 168 113
37 128 194 177 120
38 133 212 194 128
39 140 228 212 133
40 145 255 228 140
41 254 227 375 401
42 227 213 353 375
43 213 193 334 353
44 193 176 316 334
45 176 169 300 316
46 169 158 283 300
47 158 151 269 283
48 151 147 253 269
49 147 143 239 253
50 143 142 225 239
51 142 137 215 225
52 137 135 202 215
53 135 132 192 202
54 132 129 183 192
55 129 125 175 183
56 125 124 166 175
57 124 117 162 166
58 117 115 155 162
59 115 112 153 155
60 112 106 149 153
61 400 374 228 255
62 374 354 212 228
63 354 335 194 212
64 335 317 177 194
65 317 299 168 177
66 299 284 157 168
67 284 268 150 157
68 268 252 148 150
69 252 240 144 148
70 240 226 141 144
71 226 214 138 141
72 214 203 136 138
73 203 191 131 136
74 191 184 130 131
75 184 174 126 130
76 174 167 123 126
77 167 161 118 123
78 161 156 116 118
79 156 152 111 116
80 152 149 106 111
81 2 17 16 1
82 5 22 17 2
83 7 23 22 5
84 9 27 23 7
85 11 31 27 9
86 12 34 31 11
87 15 38 34 12
88 19 41 38 15
89 25 43 41 19
90 30 47 43 25
91 36 52 47 30
92 40 59 52 36
93 45 64 59 40
94 49 73 64 45
95 60 80 73 49
96 68 86 80 60
97 78 93 86 68
98 88 100 93 78
99 99 107 100 88
100 109 121 107 99
101 17 55 51 16
102 22 57 55 17
103 23 63 57 22
104 27 66 63 23
105 31 71 66 27
106 34 75 71 31
107 38 77 75 34
108 41 83 77 38
109 43 85 83 41
110 47 90 85 43
111 52 94 90 47
112 59 97 94 52
113 64 103 97 59
114 73 104 103 64
115 80 113 104 73
116 86 120 113 80
117 93 128 120 86
118 100 133 128 93
119 107 140 133 100
120 121 145 140 107
121 16 18 3 1
122 51 54 18 16
123 18 21 4 3
124 54 56 21 18
125 21 24 6 4
126 56 62 24 21
127 24 28 8 6
128 62 67 28 24
129 28 32 10 8
130 67 70 32 28
131 32 33 13 10
132 70 74 33 32
133 33 37 14 13
134 74 76 37 33
135 37 42 20 14
136 76 82 42 37
137 42 44 26 20
138 82 84 44 42
139 44 48 29 26
140 84 91 48 44
141 48 53 35 29
142 91 95 53 48
143 53 58 39 35
144 95 96 58 53
145 58 65 46 39
146 96 102 65 58
147 65 72 50 46
148 102 105 72 65
149 72 81 61 50
150 105 114 81 72
151 81 87 69 61
152 114 119 87 81
153 87 92 79 69
154 119 127 92 87
155 92 101 89 79
156 127 134 101 92
157 101 108 98 89
158 134 139 108 101
159 108 122 110 98
160 139 146 122 108
161 415 393 374 400
162 433 412 393 415
163 451 431 412 433
164 469 449 431 451
165 485 466 449 469
166 499 482 466 485
167 513 497 482 499
168 526 511 497 513
169 538 524 511 526
170 550 537 524 538
171 559 547 537 550
172 568 558 547 559
173 577 567 558 568
174 583 575 567 577
175 589 582 575 583
176 595 588 582 589
177 599 593 588 595
178 601 597 593 599
179 604 600 597 601
180 605 603 600 604
181 393 371 354 374
182 412 390 371 393
183 431 410 390 412
184 449 429 410 431
185 466 447 429 449
186 482 464 447 466
187 497 480 464 482
188 511 495 480 497
189 524 509 495 511
190 537 522 509 524
191 547 534 522 537
192 558 545 534 547
193 567 555 545 558
194 575 565 555 567
195 582 572 565 575
196 588 579 572 582
197 593 585 579 588
198 597 591 585 593
199 600 596 591 597
200 603 602 596 600
201 371 352 335 354
202 390 369 352 371
203 410 388 369 390
204 429 408 388 410
205 447 427 408 429
206 464 445 427 447
207 480 462 445 464
208 495 478 462 480
209 509 493 478 495
210 522 508 493 509
211 534 520 508 522
212 545 533 520 534
213 555 544 533 545
214 565 554 544 555
215 572 563 554 565
216 579 571 563 572
217 585 578 571 579
218 591 586 578 585
219 596 592 586 591
220 602 598 592 596
221 352 332 317 335
222 369 349 332 352
223 388 367 349 369
224 408 386 367 388
225 427 406 386 408
226 445 425 406 427
227 462 443 425 445
228 478 460 443 462
229 493 476 460 478
230 508 492 476 493
231 520 505 492 508
232 533 519 505 520
233 544 530 519 533
234 554 542 530 544
235 563 551 542 554
236 571 561 551 563
237 578 570 561 571
238 586 580 570 578
239 592 587 580 586
240 598 594 587 592
241 332 314 299 317
242 349 330 314 332
243 367 347 330 349
244 386 365 347 367
245 406 385 365 386
246 425 404 385 406
247 443 423 404 425
248 460 442 423 443
249 476 458 442 460
250 492 475 458 476
251 505 489 475 492
252 519 503 489 505
253 530 516 503 519
254 542 529 516 530
255 551 540 529 542
256 561 552 540 551
257 570 562 552 561
258 580 573 562 570
259 587 581 573 580
260 594 590 581 587
261 314 297 284 299
262 330 312 297 314
263 347 328 312 330
264 365 345 328 347
265 385 363 345 365
266 404 382 363 385
267 423 402 382 404
268 442 421 402 423
269 458 439 421 442
270 475 456 439 458
271 489 472 456 475
272 503 487 472 489
273 516 502 487 503
274 529 515 502 516
275 540 528 515 529
276 552 541 528 540
277 562 553 541 552
278 573 564 553 562
279 581 574 564 573
280 590 584 574 581
281 297 282 268 284
282 312 295 282 297
283 328 310 295 312
284 345 326 310 328
285 363 343 326 345
286 382 361 343 363
287 402 380 361 382
288 421 398 380 402
289 439 419 398 421
290 456 438 419 439
291 472 454 438 456
292 487 471 454 472
293 502 486 471 487
294 515 501 486 502
295 528 517 501 515
296 541 531 517 528
297 553 543 531 541
298 564 556 543 553
299 574 566 556 564
300 584 576 566 574
301 282 267 252 268
302 295 279 267 282
303 310 293 279 295
304 326 308 293 310
305 343 324 308 326
306 361 341 324 343
307 380 359 341 361
308 398 378 359 380
309 419 396 378 398
310 438 418 396 419
311 454 435 418 438
312 471 453 435 454
313 486 470 453 471
314 501 488 470 486
315 517 504 488 501
316 531 518 504 517
317 543 532 518 531
318 556 546 532 543
319 566 557 546 556
320 576 569 557 566
321 267 250 240 252
322 279 264 250 267
323 293 277 264 279
324 308 291 277 293
325 324 306 291 308
326 341 322 306 324
327 359 339 322 341
328 378 357 339 359
329 396 376 357 378
330 418 395 376 396
331 435 416 395 418
332 453 436 416 435
333 470 455 436 453
334 488 473 455 470
335 504 490 473 488
336 518 506 490 504
337 532 521 506 518
338 546 535 521 532
339 557 548 535 546
340 569 560 548 557
341 250 237 226 240
342 264 248 237 250
343 277 262 248 264
344 291 275 262 277
345 306 289 275 291
346 322 304 289 306
347 339 320 304 322
348 357 337 320 339
349 376 355 337 357
350 395 373 355 376
351 416 394 373 395
352 436 417 394 416
353 455 437 417 436
354 473 457 437 455
355 490 474 457 473
356 506 491 474 490
357 521 507 491 506
358 535 523 507 521
359 548 536 523 535
360 560 549 536 548
361 237 224 214 226
362 248 236 224 237
363 262 247 236 248
364 275 261 247 262
365 289 274 261 275
366 304 288 274 289
367 320 302 288 304
368 337 319 302 320
369 355 336 319 337
370 373 356 336 355
371 394 377 356 373
372 417 397 377 394
373 437 420 397 417
374 457 440 420 437
375 474 459 440 457
376 491 477 459 474
377 507 494 477 491
378 523 510 494 507
379 536 525 510 523
380 549 539 525 536
381 224 211 203 214
382 236 222 211 224
383 247 234 222 236
384 261 245 234 247
385 274 259 245 261
386 288 272 259 274
387 302 286 272 288
388 319 301 286 302
389 336 318 301 319
390 356 338 318 336
391 377 358 338 356
392 397 379 358 377
393 420 399 379 397
394 440 422 399 420
395 459 441 422 440
396 477 461 441 459
397 494 479 461 477
398 510 496 479 494
399 525 512 496 510
400 539 527 512 525
401 211 200 191 203
402 222 209 200 211
403 234 220 209 222
404 245 232 220 234
405 259 243 232 245
406 272 257 243 259
407 286 270 257 272
408 301 285 270 286
409 318 303 285 301
410 338 321 303 318
411 358 340 321 338
412 379 360 340 358
413 399 381 360 379
414 422 403 381 399
415 441 424 403 422
416 461 444 424 441
417 479 463 444 461
418 496 481 463 479
419 512 498 481 496
420 527 514 498 512
421 200 189 184 191
422 209 198 189 200
423 220 207 198 209
424 232 218 207 220
425 243 230 218 232
426 257 241 230 243
427 270 256 241 257
428 285 271 256 270
429 303 287 271 285
430 321 305 287 303
431 340 323 305 321
432 360 342 323 340
433 381 362 342 360
434 403 383 362 381
435 424 405 383 403
436 444 426 405 424
437 463 446 426 444
438 481 465 446 463
439 498 483 465 481
440 514 500 483 498
441 189 181 174 184
442 198 187 181 189
443 207 196 187 198
444 218 204 196 207
445 230 216 204 218
446 241 229 216 230
447 256 242 229 241
448 271 258 242 256
449 287 273 258 271
450 305 290 273 287
451 323 307 290 305
452 342 325 307 323
453 362 344 325 342
454 383 364 344 362
455 405 384 364 383
456 426 407 384 405
457 446 428 407 426
458 465 448 428 446
459 483 467 448 465
460 500 484 467 483
461 181 172 167 174
462 187 179 172 181
463 196 185 179 187
464 204 195 185 196
465 216 205 195 204
466 229 217 205 216
467 242 231 217 229
468 258 244 231 242
469 273 260 244 258
470 290 276 260 273
471 307 292 276 290
472 325 309 292 307
473 344 327 309 325
474 364 346 327 344
475 384 366 346 364
476 407 387 366 384
477 428 409 387 407
478 448 430 409 428
479 467 450 430 448
480 484 468 450 467
481 172 164 161 167
482 179 170 164 172
483 185 178 170 179
484 195 186 178 185
485 205 197 186 195
486 217 206 197 205
487 231 219 206 217
488 244 233 219 231
489 260 246 233 244
490 276 263 246 260
491 292 278 263 276
492 309 294 278 292
493 327 311 294 309
494 346 329 311 327
495 366 348 329 346
496 387 368 348 366
497 409 389 368 387
498 430 411 389 409
499 450 432 411 430
500 468 452 432 450
501 164 160 156 161
502 170 163 160 164
503 178 171 163 170
504 186 180 171 178
505 197 188 180 186
506 206 199 188 197
507 219 208 199 206
508 233 221 208 219
509 246 235 221 233
510 263 249 235 246
511 278 265 249 263
512 294 280 265 278
513 311 296 280 294
514 329 313 296 311
515 348 331 313 329
516 368 350 331 348
517 389 370 350 368
518 411 391 370 389
519 432 413 391 411
520 452 434 413 432
521 160 154 152 156
522 163 159 154 160
523 171 165 159 163
524 180 173 165 171
525 188 182 173 180
526 199 190 182 188
527 208 201 190 199
528 221 210 201 208
529 235 223 210 221
530 249 238 223 235
531 265 251 238 249
532 280 266 251 265
533 296 281 266 280
534 313 298 281 296
535 331 315 298 313
536 350 333 315 331
537 370 351 333 350
538 391 372 351 370
539 413 392 372 391
540 434 414 392 413
541 154 153 149 152
542 159 155 153 154
543 165 162 155 159
544 173 166 162 165
545 182 175 166 173
546 190 183 175 182
547 201 192 183 190
548 210 202 192 201
549 223 215 202 210
550 238 225 215 223
551 251 239 225 238
552 266 253 239 251
553 281 269 253 266
554 298 283 269 281
555 315 300 283 298
556 333 316 300 315
557 351 334 316 333
558 372 353 334 351
559 392 375 353 372
560 414 401 375 392